1      1
627   311
17   448
973   654
685   868
277   328
981   984
94   402
396   547
10   299
240   272
87   399
469   726
729   841
768   962
233   396
312   490
562   655
661   749
257   510
63   146
362   959
42   748
713   1000
426   983
480   499
741   988
926   981
682   877
82   420
896   940
262   746
88   851
551   879
94   799
96   125
302   515
503   706
765   979
768   966
945   965
687   710
917   993
999   1000
602   622
585   827
682   873
260   485
618   811
115   755
471   582
501   645
626   991
347   472
765   999
763   771
802   960
653   740
920   971
362   514
708   898
604   677
782   792
930   999
833   988
56   571
495   870
969   983
892   941
752   816
925   978
972   980
541   937
578   802
974   989
286   602
46   149
1   294
197   392
163   723
54   526
505   997
27   127
133   847
966   996
367   679
714   735
971   975
346   640
634   812
162   712
572   942
45   733
781   942
552   744
145   382
102   869
888   931
833   978
709   771
134   433
144   567
999   999
862   990
714   832
225   835
873   934
1   408
818   910
377   429
846   969
279   390
960   993
18   76
220   854
582   651
678   818
433   446
623   749
13   414
141   162
887   915
232   307
582   675
159   875
467   867
216   267
924   953
561   651
717   943
30   380
357   416
52   925
618   894
287   953
488   733
554   632
629   849
498   550
280   817
509   942
331   866
565   893
816   893
364   837
249   499
345   495
97   571
987   998
35   598
704   805
10   509
379   820
832   982
906   986
218   919
942   946
541   728
932   940
842   869
348   941
364   655
521   724
953   997
435   499
411   555
366   706
186   241
835   887
790   874
514   789
5   754
517   884
377   515
556   988
967   997
860   967
945   978
751   996
175   200
855   943
93   560
286   894
136   760
820   971
667   777
554   809
355   730
973   976
994   997
39   229
514   670
442   695
975   982
546   722
31   625
407   682
520   837
995   1000
675   691
631   940
636   939
564   736
496   652
524   680
555   707
151   612
654   976
502   652
331   531
154   492
542   893
193   402
79   169
26   941
895   912
423   695
541   931
77   201
812   932
611   944
636   876
93   514
894   991
669   928
379   629
884   989
575   687
885   938
100   178
729   948
628   637
397   499
269   387
871   944
348   959
848   878
912   955
699   816
426   798
964   977
750   764
701   864
183   286
146   993
388   598
472   650
624   842
111   537
805   930
788   919
748   872
531   794
806   994
47   698
667   864
937   983
92   666
654   784
675   917
220   586
908   978
882   952
581   706
965   981
101   981
124   583
308   594
764   835
40   556
908   941
133   556
262   271
967   987
140   659
806   974
721   881
389   702
790   891
322   863
474   582
994   997
784   870
802   906
507   535
965   986
847   859
188   744
476   480
512   822
739   922
347   815
726   949
838   946
99   225
880   934
338   350
538   636
934   993
234   346
663   713
609   941
881   956
621   864
209   847
261   592
184   772
277   844
492   696
109   891
190   196
448   652
317   402
630   997
686   716
91   377
664   798
800   946
926   990
369   801
610   890
686   716
299   564
899   940
223   542
981   987
422   934
57   415
285   448
276   832
425   700
577   662
36   638
857   954
578   934
411   606
709   799
315   720
990   1000
142   624
699   808
770   886
789   913
17   771
494   984
493   672
589   721
167   253
237   407
970   977
226   532
193   803
654   969
940   988
974   978
639   918
271   985
921   996
67   900
849   995
89   259
511   972
732   925
934   942
387   635
729   888
610   729
977   981
468   926
651   967
391   770
648   691
164   519
902   915
427   881
593   720
793   985
772   971
922   986
239   964
473   652
155   532
129   143
154   868
994   996
326   341
85   253
913   931
773   932
861   953
460   880
517   564
734   922
825   844
981   995
92   210
201   683
676   828
940   949
150   392
325   695
228   978
930   956
905   986
927   952
530   555
526   921
632   744
832   890
78   316
156   373
987   990
197   679
907   973
752   943
65   647
320   994
5   62
511   618
847   936
618   837
449   891
853   992
627   673
203   942
209   382
507   514
636   761
726   956
91   902
625   651
738   801
639   816
588   708
219   499
656   978
817   851
314   651
922   972
710   829
146   186
545   776
273   604
513   578
852   905
180   986
933   933
669   822
180   982
572   993
905   910
570   990
513   740
480   659
237   535
383   786
39   308
415   938
479   594
164   902
467   469
162   410
124   952
934   970
985   995
298   373
631   996
212   551
576   965
832   911
736   766
101   345
989   993
98   711
382   896
349   410
772   877
422   965
993   993
690   804
25   905
958   979
43   944
180   735
317   525
602   646
629   928
661   783
180   261
74   755
430   913
515   890
950   958
333   529
851   885
421   687
601   890
646   676
526   742
487   795
347   887
232   442
785   867
492   757
380   626
685   872
37   398
878   952
655   657
803   874
436   754
582   751
507   868
148   339
668   671
743   942
82   366
797   867
688   995
919   987
782   843
14   971
56   365
114   699
947   964
931   967
873   921
130   780
263   670
710   715
611   660
528   930
452   622
799   832
603   753
273   749
469   564
344   773
104   304
346   498
311   589
701   755
549   597
13   81
172   545
941   969
747   930
540   823
208   873
298   553
862   958
876   937
703   744
656   767
81   217
104   762
157   907
985   991
454   480
360   565
409   648
64   889
392   463
719   761
770   974
477   795
801   910
711   960
436   532
905   999
854   888
558   825
636   990
275   563
810   852
486   700
995   1000
91   925
309   669
887   953
475   719
747   780
226   571
914   938
706   913
650   917
10   236
213   660
453   578
388   996
591   716
424   986
370   928
104   906
620   902
250   747
302   572
97   363
374   422
837   969
30   247
127   202
265   716
950   962
271   621
602   748
541   552
529   682
362   835
438   938
708   931
539   903
537   694
193   629
500   548
132   206
223   427
866   960
493   617
937   953
543   553
162   818
455   993
741   952
417   601
374   525
632   874
377   771
503   671
667   977
217   581
799   974
118   140
491   753
320   811
871   970
546   609
557   884
436   886
655   691
883   968
988   988
741   984
108   508
206   818
382   600
778   780
894   923
687   883
219   867
1000   1000
198   734
660   697
445   725
42   612
734   898
140   571
689   972
394   546
267   462
764   991
233   728
943   949
877   972
916   942
590   763
360   467
31   587
587   784
519   994
674   977
515   825
145   279
785   982
808   975
444   855
917   986
169   425
520   584
885   962
632   840
715   999
697   964
124   611
974   980
259   326
228   595
931   942
783   786
742   754
817   895
839   911
455   909
595   824
143   392
444   582
738   856
850   961
106   906
608   978
554   884
922   990
614   646
767   902
259   555
737   951
47   895
90   526
738   849
288   641
450   484
416   627
19   865
18   903
898   919
578   735
210   324
710   910
914   997
562   752
473   780
442   553
461   991
39   556
173   647
530   982
590   709
515   606
739   789
475   686
960   987
146   871
294   771
423   621
213   952
531   561
304   733
817   856
647   752
304   794
96   994
616   957
514   658
297   480
811   975
842   953
11   825
743   834
694   946
585   639
11   664
278   304
4   365
599   710
472   592
609   853
277   781
256   531
828   950
998   998
48   389
523   984
692   752
61   585
929   985
646   975
744   820
182   814
106   129
502   911
658   757
29   495
575   835
754   990
259   761
257   969
641   906
658   898
758   855
358   614
500   680
621   763
89   963
107   746
22   501
516   911
128   699
573   845
594   780
86   407
947   957
586   950
499   574
337   547
918   927
303   609
659   817
397   555
783   872
79   605
781   986
390   888
159   450
575   719
602   615
181   549
175   445
849   862
480   974
605   911
942   961
287   994
406   473
779   924
477   622
454   821
354   796
550   727
767   916
903   936
138   398
568   592
711   965
727   829
140   645
339   404
463   815
352   997
368   481
21   396
869   989
302   596
554   717
33   846
217   340
700   820
640   805
236   418
12   336
608   685
982   996
303   499
480   927
91   423
258   368
236   517
204   218
282   948
130   308
939   995
228   431
705   873
280   394
968   994
57   248
668   758
833   892
689   703
8   408
607   839
757   998
474   910
423   986
896   935
540   966
630   668
364   598
592   904
686   886
557   724
652   677
145   882
914   921
215   626
199   846
774   852
493   672
608   914
859   872
391   869
150   468
289   720
715   835
466   932
719   940
796   957
15   283
989   997
951   974
775   776
918   990
957   991
702   732
145   217
553   569
174   751
115   550
702   897
594   649
709   759
146   375
549   781
965   976
194   611
782   914
727   801
444   710
992   997
833   920
308   580
642   843
629   958
776   953
706   839
964   969
191   506
155   737
12   522
12   778
293   705
65   215
480   619
727   904
902   989
35   709
898   937
209   368
960   995
361   433
314   728
177   537
661   871
998   999
36   329
811   906
327   953
269   981
946   964
343   660
330   606
144   858
883   1000
576   602
192   407
936   967
937   965
129   432
597   967
491   621
296   686
270   896
154   516
407   573
190   455
449   845
820   955
396   979
579   719
46   381
33   421
365   859
65   178
867   921
870   905
476   543
112   899
252   925
851   870
507   545
994   998
96   892
60   684
839   976
487   840
889   981
832   978
191   598
608   752
563   671
35   345
627   775
661   893
792   864
71   432
899   954
762   956
998   998
357   571
236   547
367   619
724   978
36   375
518   955
706   982
349   444
480   527
727   784
68   124
247   762
350   439
